row=12 col=15
25  22  47  39  71  36  94  45  20  50  69  63  52  18  87  
31  26  29  3   87  58  28  47  5   85  21  72  78  36  70  
91  4   7   96  3   35  19  11  96  28  23  13  45  79  23  
29  2   52  6   31  17  48  68  99  70  27  95  56  73  43  
83  20  35  3   99  56  58  94  5   54  2   75  91  55  50  
68  29  12  35  84  16  50  58  11  41  23  9   80  97  52  
72  97  68  29  57  16  41  23  20  19  6   51  97  60  59  
17  91  52  2   89  84  90  7   33  84  58  24  47  96  24  
3   10  25  39  52  9   11  28  57  56  16  53  19  14  96  
33  9   36  50  13  19  28  23  41  41  98  35  56  55  92  
11  67  27  79  7   25  52  67  22  59  17  41  6   64  83  
6   34  55  39  94  19  46  51  79  56  29  85  56  14  28  