Method: A thread per element
row=12 col=18
1269 1244 1294 1244 1244 1244 1161 1161 1161 1056 1056 1056 924 949 949 1073 1070 1070 
1163 1132 1194 1109 1109 1109 1077 1077 1077 926 926 926 771 802 802 812 807 807 
967 876 1058 1030 1030 1030 843 843 843 750 750 750 638 729 729 744 657 657 
1211 1182 1240 1170 1170 1170 1228 1228 1228 1052 1052 1052 924 953 953 992 965 965 
1393 1310 1476 1422 1422 1422 1338 1338 1338 1102 1102 1102 904 987 987 955 892 892 
957 889 1025 984 984 984 857 857 857 697 697 697 562 630 630 689 650 650 
1176 1104 1248 1229 1229 1229 1119 1119 1119 1096 1096 1096 779 851 851 944 969 969 
1247 1230 1264 1180 1180 1180 1192 1192 1192 1273 1273 1273 1050 1067 1067 1190 1264 1264 
747 744 750 694 694 694 670 670 670 624 624 624 548 551 551 584 591 591 
943 910 976 935 935 935 843 843 843 726 726 726 640 673 673 859 835 835 
1019 1008 1030 971 971 971 824 824 824 879 879 879 693 704 704 780 836 836 
1260 1254 1266 1210 1210 1210 1205 1205 1205 1110 1110 1110 951 957 957 1030 1058 1058 
Time taken = 0 second, 21662 microseconds